10 11 9 5
236 190 108 164 37 85 30 101 158 249 67
3 224 32 73 193 113 71 134 46 247 137
125 86 161 112 93 53 195 11 203 113 192
65 225 72 45 100 119 198 51 10 161 60
53 24 120 239 179 31 30 13 111 236 252
229 206 90 78 86 128 107 226 136 99 151
28 219 165 100 62 29 42 55 230 0 45
106 217 203 41 158 254 79 250 83 174 29
63 182 43 246 4 185 109 131 158 105 37
70 213 125 252 209 73 42 27 54 14 63
241 190 154 109 48
222 225 230 25 102
190 43 250 252 149
30 245 201 55 95
2 114 5 213 55
74 89 139 72 198
33 190 74 49 205
52 188 160 108 207
199 41 17 97 197
